1;[(0, 1)];1;1;0
2;[(0, 1), (0, 2)];1;1;0
3;[(0, 1), (0, 2), (0, 3)];1;1;0
4;[(0, 1), (1, 2), (2, 3)];1;1;0
5;[(0, 1), (0, 2), (0, 3), (0, 4)];1;1;0
6;[(0, 1), (0, 2), (2, 3), (2, 4)];1;1;0
7;[(0, 1), (1, 2), (2, 3), (3, 4)];1;1;0
8;[(0, 1), (0, 4), (1, 2), (2, 3), (3, 4)];2;2;2
9;[(0, 1), (0, 2), (0, 3), (0, 4), (0, 5)];1;1;0
10;[(0, 2), (1, 2), (2, 3), (2, 5), (4, 5)];1;1;0
11;[(0, 1), (0, 2), (0, 3), (3, 4), (3, 5)];1;1;0
12;[(0, 1), (0, 2), (2, 5), (3, 5), (4, 5)];1;1;0
13;[(0, 1), (0, 3), (2, 3), (3, 4), (4, 5)];1;1;0
14;[(0, 1), (1, 2), (2, 3), (3, 4), (4, 5)];1;1;0
15;[(0, 5), (1, 3), (2, 3), (2, 5), (3, 4), (4, 5)];1;2;1
16;[(0, 1), (1, 2), (1, 3), (2, 3), (2, 5), (3, 4)];1;2;1
17;[(0, 1), (0, 4), (0, 5), (1, 2), (2, 3), (3, 4)];2;2;2
18;[(0, 1), (0, 5), (1, 2), (2, 3), (3, 4), (4, 5)];2;2;2
19;[(0, 1), (0, 2), (0, 5), (1, 2), (1, 4), (2, 3), (3, 4), (3, 5), (4, 5)];2;3;5
20;[(0, 1), (0, 2), (0, 3), (0, 4), (0, 5), (0, 6)];1;1;0
21;[(0, 1), (0, 6), (2, 6), (3, 6), (4, 6), (5, 6)];1;1;0
22;[(0, 1), (1, 2), (1, 3), (1, 4), (4, 5), (4, 6)];1;1;0
23;[(0, 1), (0, 2), (2, 6), (3, 6), (4, 6), (5, 6)];1;1;0
24;[(0, 1), (0, 2), (0, 3), (3, 5), (4, 5), (5, 6)];1;1;0
25;[(0, 1), (1, 2), (2, 3), (2, 4), (2, 5), (5, 6)];1;1;0
26;[(0, 1), (1, 2), (1, 4), (3, 4), (4, 6), (5, 6)];1;1;0
27;[(0, 1), (1, 2), (2, 3), (3, 5), (4, 5), (5, 6)];1;1;0
28;[(0, 1), (1, 2), (2, 3), (2, 4), (4, 5), (5, 6)];1;1;0
29;[(0, 1), (1, 2), (2, 3), (2, 5), (3, 4), (5, 6)];1;2;1
30;[(0, 1), (1, 2), (2, 3), (3, 4), (4, 5), (5, 6)];1;1;0
31;[(0, 2), (1, 2), (2, 3), (2, 5), (3, 4), (4, 5), (4, 6)];1;2;1
32;[(0, 2), (1, 2), (2, 4), (2, 6), (3, 4), (4, 6), (5, 6)];1;2;1
33;[(0, 2), (1, 2), (2, 3), (2, 6), (3, 4), (4, 5), (5, 6)];2;2;2
34;[(0, 3), (1, 2), (2, 3), (2, 5), (3, 4), (4, 5), (5, 6)];1;2;1
35;[(0, 2), (1, 2), (1, 3), (2, 4), (3, 6), (4, 6), (5, 6)];2;2;2
36;[(0, 1), (1, 2), (2, 3), (2, 4), (3, 4), (3, 6), (4, 5)];1;2;1
37;[(0, 6), (1, 2), (2, 3), (2, 6), (3, 4), (4, 5), (5, 6)];2;2;2
38;[(0, 1), (0, 5), (1, 2), (2, 3), (3, 4), (4, 5), (5, 6)];2;2;2
39;[(0, 1), (0, 4), (1, 2), (2, 3), (3, 4), (4, 5), (5, 6)];2;2;2
40;[(0, 1), (0, 6), (1, 2), (2, 3), (3, 4), (4, 5), (5, 6)];2;2;2
41;[(0, 1), (0, 4), (0, 5), (1, 2), (2, 3), (3, 4), (4, 5), (5, 6)];2;2;2
42;[(0, 2), (0, 5), (0, 6), (1, 2), (1, 3), (3, 4), (3, 5), (4, 6)];2;2;3
43;[(0, 2), (0, 5), (1, 2), (1, 6), (2, 6), (3, 5), (3, 6), (4, 5), (4, 6)];2;3;2
44;[(0, 3), (0, 6), (1, 2), (1, 6), (2, 3), (2, 4), (3, 4), (4, 5), (5, 6)];2;3;4
45;[(0, 1), (1, 2), (1, 4), (1, 6), (2, 3), (2, 6), (3, 4), (3, 5), (4, 5), (5, 6)];2;3;5