1;1.0;(0, 1)
2;1.0;(0, 1, 2)
3;1.0;(0, 1, 2, 3)
4;1.0;(0, 2, 1, 3)
5;1.0;(0, 1, 2, 3, 4)
6;1.0;(0, 1, 4, 2, 3)
7;1.0;(0, 3, 2, 1, 4)
8;2.0;(0, 1, 2, 3, 4)
9;1.0;(0, 1, 2, 3, 4, 5)
10;1.0;(0, 1, 2, 5, 3, 4)
11;1.0;(0, 3, 4, 1, 2, 5)
12;1.0;(0, 1, 5, 3, 2, 4)
13;1.0;(1, 3, 0, 5, 2, 4)
14;1.0;(0, 4, 2, 3, 1, 5)
15;2.0;(0, 1, 2, 3, 4, 5)
16;2.0;(0, 1, 3, 2, 4, 5)
17;2.0;(0, 1, 3, 2, 4, 5)
18;2.0;(0, 1, 2, 3, 4, 5)
19;3.0;(0, 1, 2, 3, 4, 5)
20;1.0;(0, 1, 2, 3, 4, 5, 6)
21;1.0;(0, 1, 2, 3, 6, 4, 5)
22;1.0;(0, 1, 2, 6, 3, 4, 5)
23;1.0;(0, 1, 2, 6, 4, 3, 5)
24;1.0;(0, 3, 5, 4, 1, 2, 6)
25;1.0;(2, 4, 0, 1, 6, 3, 5)
26;1.0;(0, 4, 3, 5, 1, 2, 6)
27;1.0;(0, 1, 6, 3, 5, 2, 4)
28;1.0;(1, 5, 3, 0, 6, 2, 4)
29;2.0;(0, 1, 3, 4, 2, 5, 6)
30;1.0;(0, 5, 3, 2, 4, 1, 6)
31;2.0;(0, 1, 2, 3, 4, 5, 6)
32;2.0;(0, 1, 2, 4, 3, 5, 6)
33;2.0;(0, 1, 2, 4, 3, 5, 6)
34;2.0;(0, 1, 4, 2, 3, 5, 6)
35;2.0;(0, 1, 4, 5, 2, 3, 6)
36;2.0;(0, 1, 3, 4, 2, 5, 6)
37;2.0;(0, 1, 5, 3, 2, 4, 6)
38;2.0;(0, 1, 4, 3, 2, 5, 6)
39;2.0;(0, 1, 2, 4, 3, 5, 6)
40;2.0;(0, 1, 2, 5, 3, 4, 6)
41;2.0;(0, 2, 4, 3, 1, 5, 6)
42;2.0;(0, 1, 4, 5, 2, 3, 6)
43;3.0;(0, 1, 2, 3, 4, 5, 6)
44;3.0;(0, 1, 2, 3, 4, 5, 6)
45;3.0;(0, 1, 2, 3, 4, 5, 6)
46;1.0;(0, 1, 2, 3, 4, 5, 6, 7)
47;1.0;(0, 1, 2, 3, 4, 7, 5, 6)
48;1.0;(0, 1, 2, 3, 7, 4, 5, 6)
49;1.0;(0, 1, 2, 3, 7, 5, 4, 6)
50;1.0;(0, 4, 5, 6, 1, 2, 3, 7)
51;1.0;(0, 1, 2, 7, 5, 3, 4, 6)
52;1.0;(3, 5, 0, 1, 2, 7, 4, 6)
53;1.0;(0, 1, 2, 7, 4, 6, 3, 5)
54;1.0;(0, 1, 2, 7, 4, 6, 3, 5)
55;1.0;(2, 5, 0, 1, 7, 3, 4, 6)
56;1.0;(2, 6, 4, 0, 1, 7, 3, 5)
57;1.0;(1, 4, 5, 0, 7, 2, 3, 6)
58;1.0;(0, 1, 6, 4, 5, 2, 3, 7)
59;1.0;(1, 2, 6, 5, 0, 7, 3, 4)
60;1.0;(1, 2, 6, 0, 7, 4, 3, 5)
61;2.0;(0, 1, 2, 4, 6, 3, 5, 7)
62;1.0;(0, 1, 7, 3, 4, 5, 2, 6)
63;1.0;(1, 5, 3, 0, 7, 4, 2, 6)
64;2.0;(0, 1, 4, 2, 5, 3, 6, 7)
65;1.0;(2, 4, 1, 6, 0, 7, 3, 5)
66;1.0;(1, 6, 5, 3, 0, 7, 2, 4)
67;2.0;(0, 1, 4, 3, 6, 2, 5, 7)
68;1.0;(0, 7, 5, 3, 2, 4, 1, 6)
69;2.0;(0, 1, 2, 3, 4, 5, 6, 7)
70;2.0;(0, 1, 2, 3, 4, 5, 6, 7)
71;2.0;(0, 1, 2, 3, 5, 4, 6, 7)
72;2.0;(0, 1, 2, 3, 5, 4, 6, 7)
73;2.0;(0, 1, 4, 5, 2, 3, 6, 7)
74;2.0;(0, 1, 2, 5, 3, 4, 6, 7)
75;2.0;(0, 1, 2, 4, 6, 3, 5, 7)
76;2.0;(0, 1, 4, 5, 6, 2, 3, 7)
77;2.0;(0, 1, 2, 5, 3, 4, 6, 7)
78;2.0;(0, 1, 2, 4, 5, 3, 6, 7)
79;2.0;(0, 1, 2, 6, 5, 3, 4, 7)
80;2.0;(0, 1, 2, 6, 5, 3, 4, 7)
81;2.0;(0, 1, 2, 5, 4, 3, 6, 7)
82;2.0;(0, 1, 3, 5, 2, 4, 6, 7)
83;2.0;(0, 1, 5, 4, 2, 3, 6, 7)
84;2.0;(0, 1, 5, 6, 3, 2, 4, 7)
85;2.0;(0, 1, 2, 7, 4, 3, 5, 6)
86;2.0;(0, 1, 4, 2, 5, 3, 6, 7)
87;2.0;(0, 1, 4, 7, 2, 3, 5, 6)
88;2.0;(0, 1, 2, 3, 5, 4, 6, 7)
89;2.0;(0, 1, 5, 4, 6, 2, 3, 7)
90;2.0;(0, 1, 5, 2, 6, 3, 4, 7)
91;2.0;(0, 2, 4, 1, 6, 3, 5, 7)
92;2.0;(0, 1, 3, 5, 6, 2, 4, 7)
93;2.0;(0, 1, 5, 3, 6, 2, 4, 7)
94;2.0;(0, 1, 5, 6, 2, 3, 4, 7)
95;2.0;(0, 1, 6, 4, 2, 3, 5, 7)
96;2.0;(0, 1, 5, 6, 4, 2, 3, 7)
97;2.0;(0, 1, 4, 2, 5, 3, 6, 7)
98;2.0;(0, 1, 5, 3, 4, 2, 6, 7)
99;2.0;(0, 1, 2, 4, 6, 3, 5, 7)
100;2.0;(0, 1, 2, 6, 4, 3, 5, 7)
101;2.0;(0, 1, 4, 5, 6, 2, 3, 7)
102;2.0;(0, 1, 5, 4, 2, 3, 6, 7)
103;2.0;(0, 1, 5, 2, 3, 4, 6, 7)
104;2.0;(0, 1, 5, 6, 2, 3, 4, 7)
105;2.0;(0, 1, 3, 7, 4, 2, 5, 6)
106;2.0;(0, 1, 5, 4, 3, 2, 6, 7)
107;2.0;(0, 1, 6, 7, 2, 3, 4, 5)
108;2.0;(0, 1, 6, 4, 5, 2, 3, 7)
109;2.0;(0, 2, 4, 1, 6, 3, 5, 7)
110;2.0;(0, 1, 6, 4, 5, 2, 3, 7)
111;2.0;(0, 2, 4, 7, 3, 1, 5, 6)
112;2.0;(0, 1, 6, 7, 2, 3, 4, 5)
113;2.0;(0, 1, 5, 6, 4, 2, 3, 7)
114;2.0;(0, 1, 5, 3, 6, 2, 4, 7)
115;2.0;(0, 1, 3, 5, 4, 2, 6, 7)
116;2.0;(0, 1, 5, 2, 6, 3, 4, 7)
117;2.0;(0, 3, 5, 6, 1, 2, 4, 7)
118;2.0;(0, 1, 2, 5, 6, 3, 4, 7)
119;2.0;(0, 2, 4, 6, 5, 1, 3, 7)
120;3.0;(0, 1, 2, 4, 3, 5, 6, 7)
121;2.0;(0, 1, 6, 7, 2, 3, 4, 5)
122;3.0;(0, 1, 2, 3, 4, 5, 6, 7)
123;2.0;(0, 2, 6, 3, 4, 1, 5, 7)
124;2.0;(0, 1, 3, 4, 2, 5, 6, 7)
125;2.0;(0, 1, 5, 6, 2, 3, 4, 7)
126;3.0;(0, 1, 2, 4, 3, 5, 6, 7)
127;3.0;(0, 1, 2, 4, 3, 5, 6, 7)
128;3.0;(0, 1, 2, 3, 4, 5, 6, 7)
129;3.0;(0, 1, 2, 3, 4, 5, 6, 7)
130;3.0;(0, 1, 2, 3, 4, 5, 6, 7)
131;3.0;(0, 1, 2, 3, 4, 5, 6, 7)
132;3.0;(0, 1, 2, 4, 3, 5, 6, 7)
133;2.0;(0, 1, 4, 7, 2, 3, 5, 6)
134;3.0;(0, 1, 2, 3, 4, 5, 6, 7)
135;3.0;(0, 1, 2, 5, 3, 4, 6, 7)
136;3.0;(0, 1, 2, 3, 4, 5, 6, 7)
137;2.0;(0, 3, 4, 7, 5, 1, 2, 6)
138;3.0;(0, 1, 2, 3, 4, 5, 6, 7)
139;3.0;(0, 1, 2, 3, 4, 5, 6, 7)
140;3.0;(0, 1, 2, 5, 3, 4, 6, 7)
141;3.0;(0, 1, 2, 3, 4, 5, 6, 7)
142;3.0;(0, 1, 2, 3, 4, 5, 6, 7)
143;3.0;(0, 1, 2, 3, 4, 5, 6, 7)
144;3.0;(0, 1, 2, 6, 3, 4, 5, 7)
145;3.0;(0, 1, 2, 3, 4, 5, 6, 7)
146;3.0;(0, 1, 2, 3, 4, 5, 6, 7)
147;1.0;(0, 1, 2, 3, 4, 5, 6, 7, 8)
148;1.0;(0, 1, 2, 3, 4, 5, 8, 6, 7)
149;1.0;(0, 1, 2, 3, 4, 8, 5, 6, 7)
150;1.0;(0, 1, 2, 3, 4, 8, 6, 5, 7)
151;1.0;(0, 1, 2, 3, 8, 4, 5, 6, 7)
152;1.0;(0, 1, 2, 3, 8, 6, 4, 5, 7)
153;1.0;(0, 4, 5, 7, 6, 1, 2, 3, 8)
154;1.0;(4, 6, 0, 1, 2, 3, 8, 5, 7)
155;1.0;(0, 1, 2, 3, 8, 5, 7, 4, 6)
156;1.0;(0, 1, 2, 3, 8, 5, 7, 4, 6)
157;1.0;(3, 6, 0, 1, 2, 8, 4, 5, 7)
158;1.0;(3, 7, 5, 0, 1, 2, 8, 4, 6)
159;1.0;(0, 6, 4, 5, 7, 1, 2, 3, 8)
160;1.0;(0, 1, 2, 8, 5, 6, 3, 4, 7)
161;1.0;(0, 1, 2, 8, 5, 6, 3, 4, 7)
162;1.0;(0, 1, 2, 8, 5, 4, 7, 3, 6)
163;1.0;(2, 3, 7, 6, 0, 1, 8, 4, 5)
164;1.0;(0, 1, 2, 8, 4, 7, 5, 3, 6)
165;2.0;(0, 1, 2, 3, 5, 7, 4, 6, 8)
166;1.0;(0, 1, 2, 8, 4, 6, 7, 3, 5)
167;1.0;(2, 5, 6, 0, 1, 8, 3, 4, 7)
168;1.0;(2, 6, 5, 0, 1, 8, 3, 4, 7)
169;1.0;(0, 1, 8, 4, 6, 5, 2, 3, 7)
170;1.0;(2, 6, 4, 0, 1, 8, 5, 3, 7)
171;2.0;(0, 1, 4, 5, 6, 2, 3, 7, 8)
172;1.0;(0, 1, 7, 4, 6, 5, 2, 3, 8)
173;1.0;(1, 2, 7, 4, 0, 8, 5, 3, 6)
174;2.0;(0, 1, 2, 5, 3, 6, 4, 7, 8)
175;1.0;(2, 6, 4, 7, 0, 1, 8, 3, 5)
176;1.0;(2, 7, 6, 4, 0, 1, 8, 3, 5)
177;2.0;(0, 1, 2, 7, 3, 5, 4, 6, 8)
178;1.0;(0, 5, 1, 6, 4, 7, 2, 3, 8)
179;1.0;(1, 2, 7, 6, 5, 0, 8, 3, 4)
180;2.0;(0, 1, 2, 5, 4, 7, 3, 6, 8)
181;1.0;(1, 2, 7, 0, 8, 4, 6, 3, 5)
182;2.0;(0, 1, 2, 6, 5, 7, 3, 4, 8)
183;1.0;(0, 1, 8, 3, 4, 5, 6, 2, 7)
184;2.0;(0, 1, 4, 7, 2, 5, 3, 6, 8)
185;1.0;(2, 5, 1, 7, 4, 0, 8, 3, 6)
186;1.0;(2, 6, 5, 0, 8, 1, 7, 3, 4)
187;1.0;(1, 7, 3, 0, 8, 4, 5, 2, 6)
188;2.0;(0, 1, 6, 2, 4, 7, 3, 5, 8)
189;1.0;(1, 7, 5, 6, 3, 0, 8, 2, 4)
190;2.0;(0, 1, 5, 3, 6, 2, 4, 7, 8)
191;2.0;(0, 1, 4, 5, 2, 6, 3, 7, 8)
192;2.0;(0, 1, 4, 7, 3, 6, 2, 5, 8)
193;1.0;(0, 8, 6, 4, 2, 3, 5, 1, 7)
194;2.0;(0, 1, 2, 3, 4, 5, 6, 7, 8)
195;2.0;(0, 1, 2, 3, 4, 5, 6, 7, 8)
196;2.0;(0, 1, 2, 3, 4, 6, 5, 7, 8)
197;2.0;(0, 1, 2, 3, 4, 6, 5, 7, 8)
198;2.0;(0, 1, 2, 3, 6, 4, 5, 7, 8)
199;2.0;(0, 1, 2, 3, 6, 4, 5, 7, 8)
200;2.0;(0, 1, 2, 3, 5, 7, 4, 6, 8)
201;2.0;(0, 1, 4, 6, 2, 3, 5, 7, 8)
202;2.0;(0, 1, 2, 3, 4, 7, 5, 6, 8)
203;2.0;(0, 1, 2, 6, 3, 4, 5, 7, 8)
204;2.0;(0, 1, 2, 5, 6, 7, 3, 4, 8)
205;2.0;(0, 1, 2, 3, 7, 6, 4, 5, 8)
206;2.0;(0, 1, 2, 3, 6, 5, 4, 7, 8)
207;2.0;(0, 1, 2, 3, 7, 6, 4, 5, 8)
208;2.0;(0, 1, 2, 3, 7, 6, 4, 5, 8)
209;2.0;(0, 1, 2, 3, 6, 5, 4, 7, 8)
210;2.0;(0, 1, 2, 5, 6, 3, 4, 7, 8)
211;2.0;(0, 1, 2, 5, 6, 3, 4, 7, 8)
212;2.0;(0, 1, 2, 4, 6, 3, 5, 7, 8)
213;2.0;(0, 1, 2, 3, 7, 5, 4, 6, 8)
214;2.0;(0, 1, 4, 5, 6, 2, 3, 7, 8)
215;2.0;(0, 1, 2, 3, 7, 4, 5, 6, 8)
216;2.0;(0, 1, 2, 4, 7, 5, 3, 6, 8)
217;2.0;(0, 1, 4, 5, 7, 2, 3, 6, 8)
218;2.0;(0, 1, 2, 5, 6, 3, 4, 7, 8)
219;2.0;(0, 1, 2, 3, 7, 6, 4, 5, 8)
220;2.0;(0, 1, 3, 6, 2, 4, 5, 7, 8)
221;2.0;(0, 1, 2, 5, 7, 4, 3, 6, 8)
222;2.0;(0, 1, 3, 6, 4, 2, 5, 7, 8)
223;2.0;(0, 1, 2, 3, 8, 5, 4, 6, 7)
224;2.0;(0, 1, 2, 5, 3, 6, 4, 7, 8)
225;2.0;(0, 1, 2, 3, 4, 6, 5, 7, 8)
226;2.0;(0, 1, 5, 4, 6, 2, 3, 7, 8)
227;2.0;(0, 1, 2, 7, 8, 3, 4, 5, 6)
228;2.0;(0, 1, 2, 5, 4, 7, 3, 6, 8)
229;2.0;(0, 1, 2, 7, 8, 4, 3, 5, 6)
230;2.0;(0, 1, 3, 5, 2, 7, 4, 6, 8)
231;2.0;(0, 1, 2, 5, 4, 7, 3, 6, 8)
232;2.0;(0, 1, 2, 3, 6, 4, 5, 7, 8)
233;2.0;(0, 1, 2, 5, 3, 6, 4, 7, 8)
234;2.0;(0, 1, 2, 4, 5, 6, 3, 7, 8)
235;2.0;(0, 1, 2, 6, 4, 5, 3, 7, 8)
236;2.0;(0, 1, 2, 4, 6, 7, 3, 5, 8)
237;2.0;(0, 1, 2, 7, 6, 4, 3, 5, 8)
238;2.0;(0, 1, 2, 7, 6, 5, 3, 4, 8)
239;2.0;(0, 1, 2, 6, 7, 5, 3, 4, 8)
240;2.0;(0, 1, 7, 6, 4, 2, 3, 5, 8)
241;2.0;(0, 1, 2, 6, 4, 5, 3, 7, 8)
242;2.0;(0, 1, 2, 7, 3, 5, 4, 6, 8)
243;2.0;(0, 1, 2, 6, 3, 7, 4, 5, 8)
244;2.0;(0, 1, 2, 6, 7, 4, 3, 5, 8)
245;2.0;(0, 1, 2, 7, 8, 3, 4, 5, 6)
246;2.0;(0, 1, 6, 4, 5, 7, 2, 3, 8)
247;2.0;(0, 1, 4, 7, 3, 6, 2, 5, 8)
248;2.0;(0, 1, 5, 3, 4, 7, 2, 6, 8)
249;2.0;(0, 1, 6, 8, 7, 2, 3, 4, 5)
250;2.0;(0, 1, 4, 5, 2, 6, 3, 7, 8)
251;2.0;(0, 1, 7, 2, 5, 4, 3, 6, 8)
252;2.0;(0, 1, 2, 5, 3, 6, 4, 7, 8)
253;2.0;(0, 1, 3, 7, 2, 6, 4, 5, 8)
254;2.0;(0, 1, 4, 6, 5, 7, 2, 3, 8)
255;2.0;(0, 1, 6, 4, 5, 2, 3, 7, 8)
256;2.0;(0, 1, 6, 7, 4, 2, 3, 5, 8)
257;2.0;(0, 1, 2, 8, 5, 4, 3, 6, 7)
258;2.0;(0, 1, 4, 2, 5, 6, 3, 7, 8)
259;2.0;(0, 1, 5, 6, 2, 7, 3, 4, 8)
260;2.0;(0, 1, 4, 2, 7, 5, 3, 6, 8)
261;2.0;(0, 1, 4, 5, 8, 2, 3, 6, 7)
262;2.0;(0, 1, 4, 3, 7, 6, 2, 5, 8)
263;2.0;(0, 1, 6, 4, 5, 7, 2, 3, 8)
264;2.0;(0, 1, 6, 2, 7, 3, 4, 5, 8)
265;2.0;(0, 1, 7, 8, 4, 5, 2, 3, 6)
266;2.0;(0, 1, 6, 5, 2, 7, 3, 4, 8)
267;2.0;(0, 2, 3, 4, 1, 7, 5, 6, 8)
268;2.0;(0, 1, 2, 3, 5, 7, 4, 6, 8)
269;2.0;(0, 1, 6, 2, 7, 5, 3, 4, 8)
270;2.0;(0, 1, 3, 6, 5, 7, 2, 4, 8)
271;2.0;(0, 1, 6, 7, 2, 4, 3, 5, 8)
272;2.0;(0, 1, 3, 4, 6, 7, 2, 5, 8)
273;2.0;(0, 1, 3, 6, 7, 2, 4, 5, 8)
274;2.0;(0, 1, 6, 7, 2, 4, 3, 5, 8)
275;2.0;(0, 1, 6, 7, 4, 5, 2, 3, 8)
276;2.0;(0, 1, 6, 5, 7, 4, 2, 3, 8)
277;2.0;(0, 1, 7, 5, 3, 2, 4, 6, 8)
278;2.0;(0, 2, 4, 7, 8, 3, 1, 5, 6)
279;2.0;(0, 1, 6, 7, 5, 4, 2, 3, 8)
280;2.0;(0, 1, 6, 4, 3, 5, 2, 7, 8)
281;2.0;(0, 1, 4, 2, 6, 5, 3, 7, 8)
282;2.0;(0, 1, 6, 2, 8, 4, 3, 5, 7)
283;2.0;(0, 1, 4, 5, 2, 6, 3, 7, 8)
284;2.0;(0, 1, 5, 6, 4, 7, 2, 3, 8)
285;2.0;(0, 1, 5, 6, 7, 4, 2, 3, 8)
286;2.0;(0, 1, 4, 5, 2, 6, 3, 7, 8)
287;2.0;(0, 1, 2, 6, 4, 5, 3, 7, 8)
288;2.0;(0, 1, 2, 7, 5, 3, 4, 6, 8)
289;2.0;(0, 1, 2, 3, 4, 5, 6, 7, 8)
290;2.0;(0, 1, 2, 4, 5, 7, 3, 6, 8)
291;2.0;(0, 1, 2, 4, 7, 6, 3, 5, 8)
292;2.0;(0, 1, 3, 6, 2, 4, 5, 7, 8)
293;2.0;(0, 1, 5, 6, 7, 3, 2, 4, 8)
294;2.0;(0, 1, 2, 5, 8, 4, 3, 6, 7)
295;2.0;(0, 1, 2, 6, 8, 3, 4, 5, 7)
296;2.0;(0, 1, 2, 6, 8, 3, 4, 5, 7)
297;2.0;(0, 1, 4, 6, 5, 2, 3, 7, 8)
298;2.0;(0, 1, 6, 7, 8, 2, 3, 4, 5)
299;2.0;(0, 1, 2, 3, 8, 4, 5, 6, 7)
300;2.0;(0, 1, 2, 7, 8, 3, 4, 5, 6)
301;2.0;(0, 1, 3, 5, 2, 7, 4, 6, 8)
302;2.0;(0, 1, 2, 6, 5, 4, 3, 7, 8)
303;2.0;(0, 1, 2, 5, 7, 6, 3, 4, 8)
304;2.0;(0, 1, 2, 5, 8, 3, 4, 6, 7)
305;2.0;(0, 1, 6, 5, 4, 2, 3, 7, 8)
306;2.0;(0, 1, 2, 7, 5, 6, 3, 4, 8)
307;2.0;(0, 1, 3, 6, 8, 4, 2, 5, 7)
308;2.0;(0, 1, 2, 7, 8, 4, 3, 5, 6)
309;2.0;(0, 1, 3, 8, 4, 5, 2, 6, 7)
310;2.0;(0, 1, 2, 7, 8, 3, 4, 5, 6)
311;2.0;(0, 1, 2, 7, 8, 3, 4, 5, 6)
312;2.0;(0, 1, 2, 7, 8, 4, 3, 5, 6)
313;2.0;(0, 1, 6, 3, 4, 7, 2, 5, 8)
314;2.0;(0, 2, 4, 1, 6, 7, 3, 5, 8)
315;2.0;(0, 1, 5, 2, 6, 3, 4, 7, 8)
316;2.0;(0, 1, 4, 7, 5, 6, 2, 3, 8)
317;2.0;(0, 1, 5, 6, 4, 2, 3, 7, 8)
318;2.0;(0, 1, 5, 7, 8, 2, 3, 4, 6)
319;2.0;(0, 1, 4, 6, 7, 3, 2, 5, 8)
320;2.0;(0, 1, 3, 7, 4, 6, 2, 5, 8)
321;2.0;(0, 1, 3, 7, 4, 6, 2, 5, 8)
322;2.0;(0, 1, 2, 7, 4, 6, 3, 5, 8)
323;2.0;(0, 1, 2, 7, 3, 5, 4, 6, 8)
324;2.0;(0, 1, 2, 8, 5, 3, 4, 6, 7)
325;2.0;(0, 1, 4, 8, 6, 2, 3, 5, 7)
326;2.0;(0, 1, 2, 8, 3, 6, 4, 5, 7)
327;2.0;(0, 1, 3, 4, 7, 2, 5, 6, 8)
328;2.0;(0, 1, 4, 5, 6, 2, 3, 7, 8)
329;2.0;(0, 1, 7, 8, 2, 4, 3, 5, 6)
330;2.0;(0, 1, 6, 5, 3, 7, 2, 4, 8)
331;2.0;(0, 1, 7, 5, 8, 2, 3, 4, 6)
332;2.0;(0, 2, 6, 5, 1, 7, 3, 4, 8)
333;2.0;(0, 1, 6, 2, 7, 3, 4, 5, 8)
334;2.0;(0, 1, 6, 5, 2, 7, 3, 4, 8)
335;2.0;(0, 1, 6, 7, 2, 4, 3, 5, 8)
336;2.0;(0, 1, 6, 2, 5, 3, 4, 7, 8)
337;2.0;(0, 2, 7, 3, 5, 1, 4, 6, 8)
338;2.0;(0, 1, 2, 6, 3, 4, 5, 7, 8)
339;2.0;(0, 2, 4, 1, 7, 6, 3, 5, 8)
340;2.0;(0, 1, 6, 2, 5, 7, 3, 4, 8)
341;2.0;(0, 1, 4, 7, 8, 2, 3, 5, 6)
342;2.0;(0, 1, 3, 4, 5, 6, 2, 7, 8)
343;2.0;(0, 1, 6, 8, 3, 4, 2, 5, 7)
344;2.0;(0, 1, 4, 5, 7, 6, 2, 3, 8)
345;2.0;(0, 1, 4, 5, 2, 6, 3, 7, 8)
346;2.0;(0, 1, 5, 7, 8, 3, 2, 4, 6)
347;2.0;(0, 1, 7, 6, 5, 3, 2, 4, 8)
348;2.0;(0, 1, 5, 6, 4, 3, 2, 7, 8)
349;2.0;(0, 1, 7, 5, 2, 6, 3, 4, 8)
350;2.0;(0, 2, 7, 3, 5, 4, 1, 6, 8)
351;2.0;(0, 2, 4, 7, 8, 3, 1, 5, 6)
352;2.0;(0, 1, 4, 7, 5, 6, 2, 3, 8)
353;2.0;(0, 2, 6, 8, 3, 5, 1, 4, 7)
354;2.0;(0, 1, 7, 5, 6, 3, 2, 4, 8)
355;2.0;(0, 1, 7, 6, 5, 4, 2, 3, 8)
356;2.0;(0, 2, 6, 8, 3, 4, 1, 5, 7)
357;2.0;(0, 1, 7, 8, 2, 5, 3, 4, 6)
358;2.0;(0, 1, 5, 3, 7, 4, 2, 6, 8)
359;2.0;(0, 1, 6, 2, 7, 4, 3, 5, 8)
360;3.0;(0, 1, 2, 4, 5, 3, 6, 7, 8)
361;2.0;(0, 1, 7, 8, 2, 3, 4, 5, 6)
362;2.0;(0, 1, 6, 2, 7, 5, 3, 4, 8)
363;2.0;(0, 1, 2, 3, 4, 5, 6, 7, 8)
364;3.0;(0, 1, 2, 4, 6, 3, 5, 7, 8)
365;2.0;(0, 2, 4, 6, 7, 5, 1, 3, 8)
366;2.0;(0, 1, 2, 4, 8, 5, 3, 6, 7)
367;2.0;(0, 1, 4, 7, 8, 2, 3, 5, 6)
368;2.0;(0, 1, 6, 7, 2, 4, 3, 5, 8)
369;2.0;(0, 1, 7, 5, 8, 2, 3, 4, 6)
370;2.0;(0, 1, 7, 5, 8, 2, 3, 4, 6)
371;2.0;(0, 2, 8, 3, 5, 6, 1, 4, 7)
372;2.0;(0, 1, 4, 7, 8, 3, 2, 5, 6)
373;2.0;(0, 1, 4, 6, 3, 7, 2, 5, 8)
374;2.0;(0, 1, 2, 6, 7, 5, 3, 4, 8)
375;2.0;(0, 1, 3, 5, 2, 7, 4, 6, 8)
376;2.0;(0, 1, 2, 4, 6, 5, 3, 7, 8)
377;2.0;(0, 1, 4, 5, 2, 6, 3, 7, 8)
378;2.0;(0, 1, 2, 6, 7, 5, 3, 4, 8)
379;2.0;(0, 1, 2, 6, 4, 7, 3, 5, 8)
380;2.0;(0, 1, 4, 6, 7, 2, 3, 5, 8)
381;2.0;(0, 1, 2, 6, 3, 7, 4, 5, 8)
382;2.0;(0, 2, 6, 3, 1, 7, 4, 5, 8)
383;2.0;(0, 4, 6, 7, 2, 1, 3, 5, 8)
384;2.0;(0, 1, 4, 5, 6, 7, 2, 3, 8)
385;2.0;(0, 3, 4, 7, 5, 1, 2, 6, 8)
386;3.0;(0, 1, 2, 3, 5, 4, 6, 7, 8)
387;2.0;(0, 1, 2, 6, 7, 3, 4, 5, 8)
388;3.0;(0, 1, 2, 3, 4, 5, 6, 7, 8)
389;2.0;(0, 1, 7, 8, 6, 2, 3, 4, 5)
390;3.0;(0, 1, 2, 3, 4, 5, 6, 7, 8)
391;2.0;(0, 1, 2, 4, 6, 3, 5, 7, 8)
392;3.0;(0, 1, 2, 3, 5, 4, 6, 7, 8)
393;2.0;(0, 1, 3, 8, 4, 6, 2, 5, 7)
394;2.0;(0, 1, 2, 6, 8, 3, 4, 5, 7)
395;3.0;(0, 1, 2, 3, 5, 4, 6, 7, 8)
396;2.0;(0, 4, 5, 7, 1, 6, 2, 3, 8)
397;3.0;(0, 1, 2, 3, 5, 4, 6, 7, 8)
398;3.0;(0, 1, 2, 3, 8, 4, 5, 6, 7)
399;3.0;(0, 1, 2, 3, 4, 5, 6, 7, 8)
400;2.0;(0, 1, 3, 7, 8, 2, 4, 5, 6)
401;2.0;(0, 1, 6, 7, 8, 2, 3, 4, 5)
402;2.0;(0, 1, 6, 8, 2, 5, 3, 4, 7)
403;2.0;(0, 1, 6, 8, 3, 4, 2, 5, 7)
404;2.0;(0, 1, 6, 7, 8, 2, 3, 4, 5)
405;3.0;(0, 1, 2, 3, 5, 4, 6, 7, 8)
406;3.0;(0, 1, 2, 5, 4, 3, 6, 7, 8)
407;3.0;(0, 1, 2, 3, 4, 5, 6, 7, 8)
408;3.0;(0, 1, 2, 5, 6, 3, 4, 7, 8)
409;2.0;(0, 1, 4, 5, 6, 2, 3, 7, 8)
410;2.0;(0, 1, 6, 7, 8, 2, 3, 4, 5)
411;2.0;(0, 1, 7, 3, 6, 4, 2, 5, 8)
412;2.0;(0, 1, 4, 5, 3, 7, 2, 6, 8)
413;2.0;(0, 1, 5, 3, 7, 4, 2, 6, 8)
414;2.0;(0, 1, 6, 8, 4, 3, 2, 5, 7)
415;2.0;(0, 1, 4, 5, 6, 7, 2, 3, 8)
416;2.0;(0, 1, 4, 5, 6, 2, 3, 7, 8)
417;3.0;(0, 1, 2, 4, 5, 3, 6, 7, 8)
418;2.0;(0, 1, 7, 8, 2, 5, 3, 4, 6)
419;3.0;(0, 1, 2, 6, 3, 4, 5, 7, 8)
420;3.0;(0, 1, 2, 6, 3, 4, 5, 7, 8)
421;3.0;(0, 1, 2, 3, 4, 5, 6, 7, 8)
422;2.0;(0, 1, 7, 8, 3, 4, 2, 5, 6)
423;3.0;(0, 1, 2, 6, 7, 3, 4, 5, 8)
424;3.0;(0, 1, 2, 4, 5, 3, 6, 7, 8)
425;2.0;(0, 1, 7, 8, 4, 5, 2, 3, 6)
426;3.0;(0, 1, 2, 4, 3, 5, 6, 7, 8)
427;3.0;(0, 1, 2, 3, 4, 5, 6, 7, 8)
428;2.0;(0, 1, 4, 5, 6, 7, 2, 3, 8)
429;3.0;(0, 1, 2, 4, 5, 3, 6, 7, 8)
430;3.0;(0, 1, 2, 4, 5, 3, 6, 7, 8)
431;3.0;(0, 1, 2, 3, 4, 5, 6, 7, 8)
432;3.0;(0, 1, 2, 3, 4, 5, 6, 7, 8)
433;3.0;(0, 1, 2, 3, 4, 5, 6, 7, 8)
434;2.0;(0, 2, 3, 4, 5, 7, 1, 6, 8)
435;2.0;(0, 1, 3, 6, 7, 2, 4, 5, 8)
436;2.0;(0, 1, 5, 4, 6, 7, 2, 3, 8)
437;2.0;(0, 1, 5, 7, 8, 3, 2, 4, 6)
438;2.0;(0, 1, 4, 5, 8, 2, 3, 6, 7)
439;3.0;(0, 1, 2, 4, 5, 3, 6, 7, 8)
440;2.0;(0, 1, 5, 6, 3, 4, 2, 7, 8)
441;2.0;(0, 2, 7, 3, 4, 5, 1, 6, 8)
442;2.0;(0, 1, 6, 7, 8, 4, 2, 3, 5)
443;3.0;(0, 1, 2, 3, 5, 4, 6, 7, 8)
444;2.0;(0, 1, 4, 5, 7, 3, 2, 6, 8)
445;2.0;(0, 4, 5, 6, 3, 7, 1, 2, 8)
446;3.0;(0, 1, 2, 4, 3, 5, 6, 7, 8)
447;3.0;(0, 1, 2, 4, 3, 5, 6, 7, 8)
448;3.0;(0, 1, 2, 4, 5, 3, 6, 7, 8)
449;2.0;(0, 4, 5, 6, 7, 2, 1, 3, 8)
450;2.0;(0, 3, 4, 7, 2, 6, 1, 5, 8)
451;2.0;(0, 1, 8, 6, 3, 5, 2, 4, 7)
452;2.0;(0, 4, 5, 6, 8, 1, 2, 3, 7)
453;3.0;(0, 1, 2, 4, 3, 5, 6, 7, 8)
454;3.0;(0, 1, 2, 3, 5, 4, 6, 7, 8)
455;3.0;(0, 1, 2, 4, 3, 5, 6, 7, 8)
456;3.0;(0, 1, 2, 3, 5, 4, 6, 7, 8)
457;2.0;(0, 3, 5, 7, 1, 6, 2, 4, 8)
458;3.0;(0, 1, 2, 6, 8, 3, 4, 5, 7)
459;3.0;(0, 1, 2, 4, 5, 3, 6, 7, 8)
460;3.0;(0, 1, 2, 3, 4, 5, 6, 7, 8)
461;2.0;(0, 1, 2, 5, 6, 3, 4, 7, 8)
462;3.0;(0, 1, 2, 3, 4, 5, 6, 7, 8)
463;2.0;(0, 1, 2, 5, 6, 3, 4, 7, 8)
464;3.0;(0, 1, 2, 7, 3, 4, 5, 6, 8)
465;3.0;(0, 1, 2, 6, 3, 4, 5, 7, 8)
466;3.0;(0, 1, 2, 3, 5, 4, 6, 7, 8)
467;2.0;(0, 2, 5, 7, 4, 6, 1, 3, 8)
468;3.0;(0, 1, 2, 3, 5, 4, 6, 7, 8)
469;3.0;(0, 1, 2, 3, 4, 5, 6, 7, 8)
470;3.0;(0, 1, 2, 3, 6, 4, 5, 7, 8)
471;3.0;(0, 1, 2, 3, 6, 4, 5, 7, 8)
472;3.0;(0, 1, 2, 3, 8, 4, 5, 6, 7)
473;3.0;(0, 1, 2, 3, 6, 4, 5, 7, 8)
474;2.0;(0, 1, 3, 4, 6, 7, 2, 5, 8)
475;3.0;(0, 1, 2, 6, 3, 4, 5, 7, 8)
476;2.0;(0, 1, 8, 6, 5, 2, 3, 4, 7)
477;3.0;(0, 1, 2, 3, 5, 4, 6, 7, 8)
478;3.0;(0, 1, 2, 3, 4, 5, 6, 7, 8)
479;3.0;(0, 1, 2, 7, 8, 3, 4, 5, 6)
480;3.0;(0, 1, 2, 7, 8, 3, 4, 5, 6)
481;3.0;(0, 1, 2, 3, 4, 5, 6, 7, 8)
482;3.0;(0, 1, 2, 3, 4, 5, 6, 7, 8)
483;3.0;(0, 1, 2, 8, 3, 4, 5, 6, 7)
484;3.0;(0, 1, 3, 4, 5, 2, 6, 7, 8)
485;3.0;(0, 1, 2, 3, 5, 4, 6, 7, 8)
486;3.0;(0, 1, 2, 3, 4, 5, 6, 7, 8)
487;3.0;(0, 1, 2, 3, 5, 4, 6, 7, 8)
488;3.0;(0, 1, 2, 5, 3, 4, 6, 7, 8)
489;3.0;(0, 1, 2, 5, 6, 3, 4, 7, 8)
490;2.0;(0, 3, 4, 5, 7, 6, 1, 2, 8)
491;3.0;(0, 1, 2, 7, 3, 4, 5, 6, 8)
492;3.0;(0, 1, 2, 3, 6, 4, 5, 7, 8)
493;3.0;(0, 1, 2, 3, 5, 4, 6, 7, 8)
494;2.0;(0, 3, 5, 7, 8, 4, 1, 2, 6)
495;3.0;(0, 1, 2, 3, 6, 4, 5, 7, 8)
496;3.0;(0, 1, 2, 6, 4, 3, 5, 7, 8)
497;3.0;(0, 1, 2, 6, 5, 3, 4, 7, 8)
498;2.0;(0, 3, 7, 4, 5, 6, 1, 2, 8)
499;3.0;(0, 1, 2, 3, 4, 5, 6, 7, 8)
500;2.0;(0, 3, 7, 4, 5, 6, 1, 2, 8)
501;3.0;(0, 1, 2, 4, 6, 3, 5, 7, 8)
502;3.0;(0, 1, 2, 3, 4, 5, 6, 7, 8)
503;3.0;(0, 1, 2, 8, 3, 4, 5, 6, 7)
504;3.0;(0, 1, 2, 3, 4, 5, 6, 7, 8)
505;3.0;(0, 1, 2, 4, 3, 5, 6, 7, 8)
506;2.0;(0, 3, 4, 7, 8, 1, 2, 5, 6)
507;3.0;(0, 1, 2, 5, 4, 3, 6, 7, 8)
508;3.0;(0, 1, 2, 5, 6, 3, 4, 7, 8)
509;3.0;(0, 1, 2, 4, 6, 3, 5, 7, 8)
510;3.0;(0, 1, 2, 3, 4, 5, 6, 7, 8)
511;3.0;(0, 1, 2, 3, 4, 5, 6, 7, 8)
512;3.0;(0, 1, 2, 3, 5, 4, 6, 7, 8)
513;3.0;(0, 1, 2, 3, 8, 4, 5, 6, 7)
514;3.0;(0, 1, 2, 5, 4, 3, 6, 7, 8)
515;3.0;(0, 1, 2, 8, 5, 3, 4, 6, 7)
516;2.0;(0, 1, 7, 8, 4, 5, 2, 3, 6)
517;3.0;(0, 1, 2, 8, 5, 3, 4, 6, 7)
518;3.0;(0, 1, 3, 4, 2, 5, 6, 7, 8)
519;3.0;(0, 1, 3, 8, 2, 4, 5, 6, 7)
520;3.0;(0, 1, 2, 4, 5, 3, 6, 7, 8)
521;3.0;(0, 1, 2, 3, 6, 4, 5, 7, 8)
522;2.0;(0, 1, 4, 7, 8, 5, 2, 3, 6)
523;3.0;(0, 1, 2, 5, 3, 4, 6, 7, 8)
524;3.0;(0, 1, 2, 7, 8, 3, 4, 5, 6)
525;3.0;(0, 1, 3, 4, 2, 5, 6, 7, 8)
526;3.0;(0, 1, 3, 4, 2, 5, 6, 7, 8)
527;3.0;(0, 1, 2, 7, 4, 3, 5, 6, 8)
528;3.0;(0, 1, 2, 5, 6, 3, 4, 7, 8)
529;3.0;(0, 1, 2, 3, 8, 4, 5, 6, 7)
530;3.0;(0, 1, 2, 3, 8, 4, 5, 6, 7)
531;3.0;(0, 1, 2, 3, 8, 4, 5, 6, 7)
532;3.0;(0, 1, 2, 7, 8, 3, 4, 5, 6)
533;3.0;(0, 1, 2, 3, 8, 4, 5, 6, 7)
534;2.0;(0, 1, 6, 3, 5, 2, 4, 7, 8)
535;3.0;(0, 1, 2, 5, 3, 4, 6, 7, 8)
536;3.0;(0, 1, 2, 4, 5, 3, 6, 7, 8)
537;3.0;(0, 1, 2, 5, 8, 3, 4, 6, 7)
538;3.0;(0, 1, 2, 6, 3, 4, 5, 7, 8)
539;3.0;(0, 1, 2, 3, 6, 4, 5, 7, 8)
540;3.0;(0, 1, 2, 5, 7, 3, 4, 6, 8)
541;3.0;(0, 1, 2, 3, 4, 5, 6, 7, 8)
542;3.0;(0, 1, 2, 3, 5, 4, 6, 7, 8)
543;3.0;(0, 1, 2, 7, 8, 3, 4, 5, 6)
544;3.0;(0, 1, 3, 7, 4, 2, 5, 6, 8)
545;3.0;(0, 1, 2, 8, 5, 3, 4, 6, 7)
546;3.0;(0, 1, 2, 4, 6, 3, 5, 7, 8)
547;3.0;(0, 1, 2, 3, 5, 4, 6, 7, 8)
548;3.0;(0, 1, 3, 4, 5, 2, 6, 7, 8)
549;3.0;(0, 1, 3, 4, 2, 5, 6, 7, 8)
550;3.0;(0, 1, 2, 6, 5, 3, 4, 7, 8)
551;3.0;(0, 1, 3, 4, 2, 5, 6, 7, 8)
552;3.0;(0, 1, 2, 3, 4, 5, 6, 7, 8)
553;3.0;(0, 1, 2, 3, 4, 5, 6, 7, 8)
554;3.0;(0, 1, 2, 3, 6, 4, 5, 7, 8)
555;3.0;(0, 1, 4, 5, 6, 2, 3, 7, 8)
556;3.0;(0, 1, 2, 3, 8, 4, 5, 6, 7)
557;3.0;(0, 1, 2, 5, 6, 3, 4, 7, 8)
558;3.0;(0, 1, 2, 3, 4, 5, 6, 7, 8)
559;3.0;(0, 1, 2, 4, 8, 3, 5, 6, 7)
560;3.0;(0, 1, 2, 3, 6, 4, 5, 7, 8)
561;3.0;(0, 1, 2, 5, 8, 3, 4, 6, 7)
562;3.0;(0, 1, 2, 7, 5, 3, 4, 6, 8)
563;3.0;(0, 1, 2, 7, 8, 3, 4, 5, 6)
564;3.0;(0, 1, 2, 4, 6, 3, 5, 7, 8)
565;3.0;(0, 1, 2, 3, 6, 4, 5, 7, 8)
566;3.0;(0, 1, 2, 3, 6, 4, 5, 7, 8)
567;3.0;(0, 1, 4, 5, 2, 3, 6, 7, 8)
568;3.0;(0, 1, 2, 4, 7, 3, 5, 6, 8)
569;3.0;(0, 1, 2, 3, 5, 4, 6, 7, 8)
570;3.0;(0, 1, 2, 3, 5, 4, 6, 7, 8)
571;3.0;(0, 1, 2, 7, 4, 3, 5, 6, 8)
572;3.0;(0, 1, 2, 7, 4, 3, 5, 6, 8)
573;3.0;(0, 1, 2, 4, 5, 3, 6, 7, 8)
574;3.0;(0, 1, 2, 5, 4, 3, 6, 7, 8)
575;3.0;(0, 1, 2, 5, 8, 3, 4, 6, 7)
576;3.0;(0, 1, 2, 6, 5, 3, 4, 7, 8)
577;3.0;(0, 1, 2, 6, 7, 3, 4, 5, 8)
578;3.0;(0, 1, 2, 4, 3, 5, 6, 7, 8)
579;3.0;(0, 1, 2, 3, 4, 5, 6, 7, 8)
580;3.0;(0, 1, 2, 5, 3, 4, 6, 7, 8)
581;3.0;(0, 1, 2, 8, 4, 3, 5, 6, 7)
582;3.0;(0, 1, 2, 4, 7, 3, 5, 6, 8)
583;3.0;(0, 1, 2, 4, 7, 3, 5, 6, 8)
584;3.0;(0, 1, 4, 5, 2, 3, 6, 7, 8)
585;3.0;(0, 1, 2, 7, 8, 3, 4, 5, 6)
586;3.0;(0, 1, 2, 4, 6, 3, 5, 7, 8)