3 2 2 2 2 2 2 3 3 2 2 2 2 2 3 3 2 2 2 2 2 2 2 2 2 2 2 2 2 2
2 6 2 8 2 7 2 2 3 2 2 4 7 2 3 3 4 2 7 4 2 2 4 3 2 2 5 4 2 2
2 2 4 2 2 3 6 2 2 2 2 2 3 6 2 2 4 2 2 2 6 6 3 2 2 6 2 2 2 2
2 2 2 3 2 2 2 2 2 2 2 2 2 2 2 2 2 2 2 5 2 2 2 2 2 2 2 2 2 2
2 2 2 3 2 4 5 2 2 2 2 2 2 2 2 2 2 6 2 5 2 2 2 2 2 2 2 2 2 2
2 2 2 2 3 2 3 2 2 5 2 2 5 2 2 2 3 2 2 3 2 2 2 2 2 2 2 2 3 2
2 2 2 2 2 3 2 2 5 2 2 2 2 5 2 3 2 2 2 5 3 2 3 3 5 3 3 2 2 3
2 2 2 2 2 2 2 2 2 2 2 2 2 5 2 3 2 2 2 2 2 2 2 2 2 2 2 2 2 2
2 2 2 2 2 6 2 2 2 2 2 2 2 3 3 2 2 2 2 2 5 4 2 2 2 2 2 3 4 2
2 2 3 2 3 2 2 3 2 2 2 5 5 2 2 2 2 2 2 3 8 3 3 2 2 3 2 3 2 2
2 2 2 5 2 2 5 2 2 2 3 3 2 2 3 2 2 2 2 2 2 3 2 2 2 2 3 2 3 3
2 2 5 5 2 2 2 2 11 2 2 2 2 2 2 2 5 2 2 2 2 2 2 2 2 2 2 5 2 2
2 2 7 2 2 2 2 2 5 2 2 4 2 2 3 2 3 3 2 2 5 2 2 3 5 2 2 2 5 2
3 2 3 2 6 2 2 2 2 5 2 3 9 2 2 3 2 3 3 2 2 2 2 2 2 2 2 2 3 5
2 3 2 3 2 2 2 2 2 3 2 2 2 2 6 2 2 2 2 2 3 4 3 3 2 3 5 3 3 3
2 2 7 2 3 2 5 2 2 5 2 2 2 2 2 2 2 3 5 5 3 2 3 5 2 6 3 2 2 3
3 2 3 2 5 2 5 2 5 2 2 2 2 2 2 2 3 5 3 3 3 2 2 2 2 2 5 2 5 2
2 2 2 3 2 2 5 2 2 3 2 2 7 6 5 2 2 3 3 2 2 2 2 3 2 3 2 5 2 3
2 3 2 3 3 7 3 5 2 2 2 2 2 3 7 2 5 2 2 2 3 2 3 2 2 2 2 3 3 3
2 2 2 2 2 3 2 2 2 2 2 2 9 3 3 2 2 3 3 5 2 2 3 2 2 2 2 6 3 6
2 5 5 2 6 3 2 2 2 4 5 2 5 2 3 3 3 4 4 2 2 2 5 2 6 6 2 3 4 2
4 2 2 2 5 3 3 8 6 3 2 3 2 6 2 2 3 7 5 2 3 3 9 2 2 3 3 2 3 3
2 2 2 7 2 5 3 3 2 2 3 2 5 2 2 2 2 2 2 8 2 2 2 2 2 3 3 5 3 9
2 2 5 5 2 5 4 2 4 2 2 3 8 4 2 3 5 3 3 3 13 2 3 3 3 5 3 3 2 2
7 5 3 4 5 2 3 6 7 5 2 2 3 2 2 7 5 5 2 2 4 2 2 5 3 5 2 6 2 5
5 8 3 5 3 2 2 3 2 5 4 2 3 2 5 5 5 2 4 2 2 6 5 3 2 3 5 2 3 2
2 5 2 5 6 2 5 2 3 4 2 5 2 2 5 3 2 2 2 5 7 3 5 2 2 4 2 2 2 2
6 4 5 2 7 2 5 2 2 5 9 4 5 2 4 2 6 2 2 8 7 2 7 2 2 7 2 3 2 4
2 2 2 2 2 2 4 3 7 8 2 4 2 2 2 2 2 5 2 2 8 2 5 6 8 2 3 4 6 7
8 2 6 5 6 6 6 2 5 2 2 11 5 2 5 3 2 2 2 8 2 2 2 4 3 2 11 3 3 8
3 3 2 2 2 4 2 2 2 5 2 4 6 2 2 4 4 2 2 5 2 2 2 2 2 3 2 4 3 3
2 2 2 8 10 2 2 2 2 3 3 5 2 3 2 2 5 2 5 2 8 5 9 5 3 6 2 2 5 2
4 5 10 3 2 2 2 2 2 3 2 2 2 2 2 7 2 4 4 3 6 5 2 2 2 4 7 2 6 2
2 5 5 2 9 2 2 5 2 2 4 9 7 5 7 7 2 2 2 2 2 7 4 6 2 5 3 2 2 2
2 2 9 9 2 5 2 2 6 3 3 5 6 2 6 10 5 4 8 5 6 7 2 9 5 12 2 5 6 6
8 2 2 3 3 4 6 6 2 8 2 4 2 9 5 8 5 2 7 6 3 6 6 4 6 3 2 2 2 2
2 2 7 5 3 6 10 8 2 2 6 5 2 5 7 2 4 2 4 2 9 6 2 2 2 2 11 2 2 2
2 2 2 5 4 2 4 2 8 5 2 3 2 2 3 2 2 5 5 2 2 2 2 5 8 5 2 5 5 3
2 2 5 2 4 2 2 2 3 4 6 2 2 2 7 7 7 2 8 4 5 2 7 5 2 8 6 12 7 6
8 12 4 5 2 7 7 3 4 5 6 2 4 7 7 5 3 7 7 2 4 2 2 10 2 4 5 7 8 3
