2 2 2 2 2 2 2 3 2 2 2 2 2 2 2 2 2 3 2 2 2 2 2 2 2 2 2 2 2 2
2 4 2 2 4 4 2 2 5 4 4 4 4 4 3 3 2 2 4 2 4 2 2 2 2 2 4 4 2 2
2 2 3 4 2 3 3 2 2 2 2 2 2 2 2 2 2 2 2 2 3 4 3 2 2 3 2 2 2 2
2 2 2 3 2 2 2 2 2 2 2 2 2 4 2 2 2 2 2 4 2 2 2 2 2 2 2 2 2 2
2 2 2 2 2 3 4 2 2 2 2 2 2 2 2 2 2 2 2 3 2 2 2 2 2 2 2 2 2 2
2 2 2 3 2 2 3 2 2 2 2 2 4 2 2 2 2 2 2 2 2 2 2 2 2 2 2 4 3 2
2 2 2 2 2 3 2 2 2 2 2 2 2 3 3 3 2 2 2 5 3 2 3 2 2 3 3 2 2 3
2 4 2 2 3 2 2 2 3 2 2 4 2 2 3 2 2 2 2 2 2 2 2 2 3 2 2 2 2 2
2 2 3 3 2 4 3 2 2 2 3 2 2 3 3 2 2 2 2 3 3 4 3 2 2 2 3 3 3 2
2 2 3 3 3 2 2 2 2 2 2 5 3 2 2 2 2 3 2 3 2 2 3 4 2 3 2 3 3 2
2 2 2 4 3 2 4 2 2 2 2 3 2 3 3 2 2 2 3 3 3 3 2 2 2 2 3 2 3 4
2 2 5 2 5 2 3 2 13 2 2 3 2 2 2 2 2 3 2 3 2 2 3 5 2 2 2 4 2 2
2 3 2 2 2 3 7 2 2 3 2 2 3 5 3 2 2 3 2 7 3 2 2 2 3 3 2 2 2 2
3 2 4 2 3 2 2 2 2 3 7 2 2 2 2 2 2 3 5 2 2 3 2 2 9 2 2 2 3 2
4 3 2 2 3 5 2 2 2 2 2 3 4 2 3 3 2 2 4 2 3 3 7 2 5 2 2 3 3 3
2 2 2 3 5 4 2 2 2 2 2 8 4 3 3 2 2 3 2 2 2 2 2 2 2 2 2 2 3 3
2 2 4 2 2 2 2 2 8 2 2 2 3 3 2 3 2 2 5 3 2 2 7 2 2 3 4 5 5 2
6 2 2 2 3 2 2 2 2 3 2 3 2 2 2 2 2 2 4 2 2 2 4 5 2 2 5 2 3 2
4 5 2 2 6 2 6 2 2 2 3 3 2 5 5 4 2 2 2 7 3 2 2 2 6 7 2 2 4 3
5 2 2 4 3 3 2 2 2 7 2 3 3 6 2 6 5 2 3 2 4 2 3 6 3 2 2 3 5 3
2 2 7 9 4 3 2 3 5 7 8 6 2 2 2 2 2 3 2 2 2 3 2 7 3 2 3 2 2 2
7 4 2 2 2 4 2 2 2 2 4 3 2 2 2 2 2 2 2 2 4 2 4 7 3 7 2 3 3 3
2 2 6 3 4 3 5 2 2 2 2 2 2 5 2 2 4 5 3 2 2 2 2 2 5 2 2 4 3 2
5 2 5 5 5 3 3 2 7 8 2 3 2 2 2 2 3 3 7 2 12 2 2 2 2 2 2 5 2 4
2 2 2 2 5 3 2 4 4 3 5 2 2 2 3 5 2 3 3 2 3 3 3 7 2 2 2 5 2 2
2 5 2 3 4 2 3 4 3 8 7 2 4 3 2 10 7 5 2 3 3 3 4 2 2 2 2 3 3 7
3 2 3 2 2 2 2 3 2 7 2 3 3 2 2 2 2 2 3 3 2 2 9 2 2 4 2 7 7 3
7 4 2 2 2 6 2 2 5 2 3 2 8 2 2 2 2 2 2 2 6 2 6 5 5 2 3 6 3 5
2 2 4 2 5 2 3 2 2 6 5 4 2 2 2 2 5 2 2 3 7 2 7 2 7 2 3 5 3 2
2 3 2 7 3 6 2 6 2 4 2 8 2 7 5 7 7 2 3 2 2 5 11 3 2 4 2 3 2 6
2 2 3 7 2 7 4 2 3 2 4 2 2 3 3 2 2 5 2 7 3 3 2 3 2 2 2 2 2 2
2 2 4 6 4 5 2 3 3 2 2 3 3 2 2 4 5 2 2 3 2 2 3 7 3 7 2 8 2 2
3 4 4 3 3 8 2 7 2 4 10 4 3 5 5 2 3 2 5 5 2 3 2 2 4 4 4 3 7 5
2 2 3 2 3 2 3 2 3 3 2 6 2 4 2 3 2 4 3 7 2 8 8 6 3 3 2 3 9 6
2 7 11 5 5 3 7 3 2 2 9 3 3 2 5 3 2 2 3 2 2 2 2 8 2 9 2 2 5 2
2 2 4 2 2 2 2 2 3 2 2 2 5 7 3 2 4 3 5 3 3 10 2 4 3 2 2 3 2 4
5 8 8 4 6 4 5 2 2 6 2 2 2 4 2 6 2 2 3 2 2 3 2 7 5 4 2 2 3 2
4 2 3 9 2 2 2 12 2 2 2 3 2 2 3 10 5 4 2 3 6 5 3 2 3 5 2 3 5 2
2 3 7 3 2 2 4 2 2 2 8 6 6 3 3 5 3 3 2 2 7 2 4 3 2 5 7 2 3 8
2 6 2 4 2 3 3 6 2 2 6 2 2 2 5 5 2 5 4 3 5 3 3 5 2 3 2 3 5 2
