3 2 2 2 2 2 2 3 2 2 2 2 2 2 2 3 2 3 2 2 2 2 2 2 2 2 2 2 3 2
2 4 2 2 2 4 2 2 4 2 2 4 4 4 4 3 2 2 4 4 2 2 2 2 2 2 4 4 2 2
2 2 4 3 2 3 6 2 2 2 4 2 3 5 2 2 2 2 2 2 3 2 3 2 2 3 2 2 2 2
2 2 2 3 2 2 2 2 2 2 2 2 2 2 2 2 2 2 2 3 2 2 2 2 2 2 2 2 2 2
3 2 2 4 2 2 2 2 2 2 2 2 2 2 2 2 2 4 3 2 2 2 2 2 2 2 2 2 2 2
2 2 2 2 2 2 3 2 2 2 2 2 2 2 2 2 3 2 2 2 2 2 2 2 2 2 2 2 3 2
5 2 2 2 2 3 2 2 2 2 2 2 2 3 2 3 2 2 2 2 3 2 3 3 2 2 3 2 2 3
5 2 2 2 2 2 2 2 3 3 4 2 2 3 4 3 2 2 2 2 2 3 2 4 2 4 2 2 2 2
2 2 2 2 3 2 3 2 2 2 2 2 2 3 3 2 2 2 3 2 5 2 4 2 2 2 2 3 2 2
2 2 3 2 3 2 2 3 2 2 2 2 2 4 2 2 2 2 2 2 2 8 2 3 4 3 2 3 2 2
2 2 2 5 2 2 4 2 2 2 2 3 2 2 3 2 2 2 3 3 3 3 3 3 2 2 3 2 2 3
2 2 6 5 5 2 2 2 2 2 3 2 2 2 2 2 2 3 2 3 2 2 3 5 3 2 2 2 3 2
2 2 2 3 2 2 2 2 2 2 3 3 2 2 2 2 2 2 2 2 2 2 3 3 4 2 2 2 2 3
3 2 3 2 2 3 2 2 3 3 2 2 5 2 2 2 2 5 2 5 2 2 2 2 3 2 3 2 3 5
2 4 2 2 7 4 3 2 2 3 3 5 3 2 2 4 3 3 4 2 3 2 7 2 2 5 2 3 7 2
5 4 2 2 3 3 2 2 2 2 3 2 4 2 2 2 3 3 4 4 4 2 2 2 5 4 2 2 2 3
5 2 6 2 3 2 2 2 2 2 5 3 2 2 2 2 2 7 3 3 3 3 2 2 7 3 2 4 8 7
2 2 2 3 3 5 2 2 2 2 2 2 2 11 5 2 3 3 2 2 2 2 5 2 2 4 5 2 3 3
2 2 2 2 3 2 2 2 2 2 3 3 2 5 3 2 4 2 2 2 2 3 4 4 3 3 2 2 2 2
2 2 3 4 2 3 2 2 3 3 5 4 2 12 7 3 2 2 7 2 3 2 4 3 2 2 3 5 2 2
5 3 3 3 2 2 3 3 2 7 5 2 2 4 7 3 2 2 4 3 5 3 2 2 5 2 2 2 2 3
4 2 2 7 2 4 2 6 2 2 2 6 2 2 3 3 2 2 2 2 3 3 2 2 2 6 3 2 2 3
2 2 7 7 2 5 5 8 3 2 2 3 3 2 3 3 2 3 3 2 2 2 5 4 5 2 4 3 7 6
2 2 2 6 2 2 5 5 7 2 2 3 2 2 2 2 2 3 2 5 8 3 3 3 2 2 3 2 5 2
3 6 2 3 3 2 2 2 3 5 8 2 2 2 2 2 6 3 2 4 7 2 2 2 2 4 2 4 2 2
3 4 2 5 2 3 2 4 2 2 2 4 2 3 7 3 3 7 4 2 3 3 2 2 2 4 4 2 2 3
5 3 2 3 5 2 3 4 2 7 8 9 2 3 5 5 5 7 2 2 3 3 7 8 4 2 7 6 4 8
7 7 3 2 13 7 2 4 5 2 2 2 3 2 2 4 4 3 2 2 11 7 2 3 2 2 7 2 4 2
2 4 3 2 2 3 3 2 2 3 3 2 4 2 8 2 12 2 2 3 4 3 2 8 6 3 5 2 2 2
4 7 12 3 3 2 7 5 7 3 4 2 2 3 3 2 5 2 2 2 2 7 10 2 2 5 3 4 2 2
3 7 3 2 7 3 3 2 6 2 2 3 2 3 3 2 5 2 2 4 3 3 2 2 3 2 2 2 6 8
2 3 2 6 7 2 2 2 3 7 8 2 3 3 2 3 2 2 2 2 2 5 6 2 2 9 2 6 4 2
9 2 3 2 3 4 3 2 5 3 2 3 3 2 2 2 5 3 2 2 3 2 7 2 2 2 3 8 2 3
6 5 4 4 7 2 2 3 2 3 3 8 4 4 2 2 3 2 2 2 2 2 4 3 3 2 5 7 2 3
2 9 7 2 2 2 2 3 8 3 3 2 3 2 2 6 2 2 3 5 2 2 3 2 14 3 3 8 3 3
4 2 2 2 3 15 2 2 4 3 2 2 3 6 2 4 2 2 6 2 6 5 2 2 2 7 2 2 2 3
2 2 2 2 2 7 2 3 7 2 2 3 5 5 3 3 2 2 2 2 4 5 2 2 2 5 3 6 2 2
2 4 2 6 7 4 2 6 2 7 2 2 3 2 13 2 2 2 2 9 2 3 14 4 5 3 5 2 7 7
3 3 2 3 2 2 2 2 2 2 12 12 8 3 2 2 8 3 4 2 3 7 3 3 3 6 2 4 2 6
2 3 5 3 2 2 2 5 6 2 2 9 3 4 2 12 3 2 3 12 2 2 2 2 2 2 2 3 3 10
