2 2 3 2 2 2 2 2 2 2 2 2 2 2 2 3 2 2 2 2 2 2 2 2 2 2 2 2 2 4
2 4 2 4 4 2 2 2 3 4 2 4 4 2 3 3 2 2 4 2 2 2 2 2 2 2 4 2 2 2
2 2 3 3 2 4 3 2 2 2 2 2 2 4 2 2 3 2 2 2 3 4 4 2 2 3 2 2 2 2
2 2 2 5 2 3 2 2 2 2 2 2 2 5 2 2 2 2 2 3 2 2 2 2 2 2 2 2 2 2
2 2 2 5 3 2 4 2 8 2 2 2 2 2 2 2 2 2 3 2 2 2 2 2 2 2 2 2 8 2
2 3 2 2 3 2 3 2 2 2 2 2 2 2 2 3 2 2 2 4 2 2 2 2 2 2 2 2 3 2
2 2 2 2 2 3 2 2 3 2 2 2 2 4 2 3 2 2 2 2 3 2 3 3 2 3 3 2 2 3
2 2 2 2 2 2 2 2 2 2 2 2 2 3 2 3 2 2 2 2 2 2 2 2 2 2 2 2 2 2
3 2 2 3 3 2 2 2 2 2 3 2 2 3 3 2 2 2 2 2 3 3 2 2 2 2 2 3 2 2
2 2 3 3 3 3 2 2 2 2 2 2 3 2 2 2 2 2 2 3 2 2 2 2 2 3 2 6 2 2
2 2 3 2 2 2 4 2 2 2 2 3 2 3 3 2 2 2 2 3 2 3 3 3 2 2 3 2 2 3
2 3 8 5 3 2 2 3 2 2 2 2 2 3 2 2 3 3 2 2 2 2 2 2 2 2 2 2 2 2
3 2 2 2 2 2 2 2 2 2 2 2 3 2 2 2 4 2 2 2 4 2 2 3 2 2 3 2 2 2
3 2 3 2 7 2 3 3 2 2 2 3 4 2 2 2 2 2 2 2 2 3 2 3 2 2 3 2 3 2
2 3 2 2 3 4 2 2 2 2 2 3 3 6 7 2 2 2 2 2 2 3 2 2 2 2 2 3 3 2
2 2 2 2 2 4 7 3 2 3 2 4 6 2 2 2 4 2 2 2 2 2 3 2 2 3 2 2 2 3
3 2 4 2 2 2 2 2 2 2 2 2 2 2 2 2 3 3 2 3 3 2 2 2 2 4 2 6 2 2
2 2 3 2 2 3 3 3 6 3 2 3 2 6 2 2 2 2 2 2 2 2 4 3 3 6 3 2 3 7
2 2 2 2 4 2 3 2 2 2 2 4 2 2 3 2 2 2 2 2 2 7 2 3 2 2 3 2 3 2
2 2 3 2 3 3 7 2 3 2 2 4 2 4 3 2 2 2 2 4 2 3 9 3 2 3 2 2 3 3
2 2 7 2 2 8 3 3 2 3 2 2 4 2 7 2 2 3 2 2 3 2 2 2 4 2 2 2 2 2
8 2 2 2 2 3 2 2 7 2 2 7 2 2 2 2 2 2 2 2 2 2 3 3 2 3 2 2 2 3
3 3 4 7 3 7 2 3 2 3 2 8 6 6 2 2 2 2 2 2 2 2 3 3 2 2 4 4 3 3
2 3 2 3 3 2 5 2 3 2 2 3 2 2 2 2 3 3 2 2 3 2 2 2 2 3 3 3 2 4
3 2 2 2 7 2 3 3 2 2 2 3 2 2 2 7 11 2 2 2 3 2 2 7 2 3 2 3 2 3
2 3 3 3 3 8 2 7 2 2 3 2 3 2 2 3 3 3 4 2 2 4 3 4 2 2 6 2 2 2
2 2 2 2 7 3 2 2 3 2 3 2 3 2 5 2 10 2 2 2 3 3 3 2 3 2 8 2 3 3
3 3 2 3 3 2 2 2 2 3 4 3 5 3 3 3 3 2 2 2 3 3 3 2 4 2 3 3 2 2
3 7 2 3 7 2 2 2 3 7 2 3 3 3 2 4 2 2 3 2 3 2 7 4 2 2 4 2 2 4
3 2 9 2 3 3 2 3 2 3 6 2 4 2 2 10 2 14 2 3 2 3 2 3 3 2 2 2 7 7
2 2 2 3 2 3 7 2 2 3 2 2 2 2 3 2 3 3 2 2 2 3 5 4 2 2 3 2 3 2
3 2 3 6 3 3 7 2 2 2 9 2 4 2 2 4 3 2 2 2 2 5 7 2 3 8 3 2 2 3
3 2 2 2 2 7 3 2 5 3 5 7 3 3 2 2 7 2 2 3 2 4 3 2 4 2 2 2 2 7
7 2 2 2 2 7 8 5 2 2 2 3 3 3 3 3 2 3 2 2 2 2 11 3 3 2 2 3 2 2
2 2 3 2 2 2 4 3 3 3 2 7 2 3 5 3 3 3 3 7 2 2 2 3 2 3 7 2 2 4
2 2 5 2 2 12 2 2 2 7 2 7 2 2 3 3 4 3 3 2 3 11 3 3 2 8 3 2 3 4
2 3 3 9 2 4 4 11 2 4 10 3 2 2 2 2 8 7 6 2 9 5 2 3 2 3 3 2 2 3
7 5 2 3 3 3 4 2 4 3 3 3 3 2 3 7 2 2 4 2 2 2 2 2 3 2 7 2 3 2
2 3 2 2 7 3 9 3 3 2 3 4 2 3 3 3 4 3 2 3 3 2 2 16 5 3 2 2 2 2
12 3 2 8 3 2 2 9 6 2 3 2 4 3 2 3 3 4 6 2 6 2 3 2 9 2 2 3 2 7
